


L = 20

L =

    20

p = 0.6

p =

    0.6000

R = rand(L)<p;abs(sum(sum(R))-L*L*p)/(L*L*p)

ans =

     0

R = rand(L)<p;abs(sum(sum(R))-L*L*p)/(L*L*p)

ans =

    0.0292

R = rand(L)<p;abs(sum(sum(R))-L*L*p)/(L*L*p)

ans =

    0.0417

R = rand(L)<p;abs(sum(sum(R))-L*L*p)/(L*L*p)

ans =

    0.0083

R = rand(L)<p;abs(sum(sum(R))-L*L*p)/(L*L*p)

ans =

    0.0208

R = rand(L)<p;abs(sum(sum(R))-L*L*p)/(L*L*p)

ans =

    0.0125

R = rand(L)<p;abs(sum(sum(R))-L*L*p)/(L*L*p)

ans =

     0

R = rand(L)<p;abs(sum(sum(R))-L*L*p)/(L*L*p)

ans =

    0.0167

L = 200

L =

   200

R = rand(L)<p;abs(sum(sum(R))-L*L*p)/(L*L*p)

ans =

   9.5833e-04

R = rand(L)<p;abs(sum(sum(R))-L*L*p)/(L*L*p)

ans =

    0.0050

R = rand(L)<p;abs(sum(sum(R))-L*L*p)/(L*L*p)

ans =

    0.0060

R = rand(L)<p;abs(sum(sum(R))-L*L*p)/(L*L*p)

ans =

   5.4167e-04

R = rand(L)<p;abs(sum(sum(R))-L*L*p)/(L*L*p)

ans =

   9.1667e-04

L = 2000

L =

        2000

R = rand(L)<p;abs(sum(sum(R))-L*L*p)/(L*L*p)

ans =

   3.4167e-04

R = rand(L)<p;abs(sum(sum(R))-L*L*p)/(L*L*p)

ans =

   4.2083e-04

R = rand(L)<p;abs(sum(sum(R))-L*L*p)/(L*L*p)

ans =

   2.2917e-05

R = rand(L)<p;abs(sum(sum(R))-L*L*p)/(L*L*p)

ans =

   3.7167e-04

L = 24

L =

    24

R = rand(L)<p

R =

  24×24 <a href="matlab:helpPopup logical" style="font-weight:bold">logical</a> array

   0   1   0   0   1   1   1   1   0   0   1   1   0   1   0   1   1   0   1   1   0   0   1   1
   0   0   0   0   1   0   1   1   1   0   1   1   0   0   1   1   0   0   0   0   1   0   1   0
   1   1   0   0   0   0   1   1   1   1   1   1   1   0   0   0   1   0   0   1   1   0   0   0
   1   1   1   1   0   0   0   0   1   1   1   1   1   1   0   0   1   0   1   0   1   0   1   1
   1   1   0   1   1   1   0   0   1   0   0   1   0   0   1   1   0   1   0   0   1   1   1   1
   1   1   1   0   1   0   0   0   0   0   1   1   1   0   1   0   0   0   1   0   0   0   0   1
   1   1   0   1   0   0   1   1   1   0   0   1   1   1   1   0   1   1   0   1   1   1   1   0
   1   0   0   1   1   1   1   1   1   0   1   0   0   1   1   1   1   0   0   0   0   0   1   1
   1   1   1   1   0   0   0   0   0   1   1   1   1   0   1   0   1   1   0   0   1   0   1   0
   0   1   1   1   0   1   1   1   0   0   0   1   0   0   1   0   1   1   1   1   0   0   0   0
   1   0   1   1   0   1   0   0   1   1   0   1   0   1   1   1   1   0   1   0   1   0   1   0
   0   0   1   0   1   0   0   1   0   0   1   1   1   1   1   1   1   0   0   1   1   0   0   0
   1   0   1   1   1   0   0   0   1   1   1   0   0   1   1   1   0   1   1   1   1   1   0   0
   1   1   1   1   1   1   1   0   1   0   0   1   1   1   0   1   1   0   0   1   1   1   1   1
   1   1   0   1   0   0   1   1   1   1   1   1   1   0   1   1   1   1   1   0   0   0   0   0
   1   1   0   1   1   1   1   0   1   0   0   0   1   1   1   1   1   0   0   1   0   1   1   1
   1   1   1   1   0   0   0   1   0   0   1   1   1   1   0   1   1   1   0   0   0   0   1   1
   0   0   1   0   0   1   1   0   1   0   0   1   1   1   0   1   1   1   1   1   1   0   0   1
   1   1   1   0   0   1   1   1   0   0   1   1   0   0   1   1   0   1   0   1   1   1   1   1
   1   1   1   0   1   1   1   0   1   1   1   1   1   1   1   0   1   1   0   1   1   1   0   1
   0   1   1   0   0   1   1   0   1   1   0   1   0   1   1   1   1   0   1   1   1   0   1   1
   1   1   1   0   1   0   1   1   0   0   1   1   1   1   1   1   1   0   1   1   1   1   0   1
   1   1   0   0   1   0   0   1   1   0   0   1   1   0   1   1   0   1   1   1   1   1   1   1
   1   0   1   1   1   0   1   1   0   1   0   1   0   1   0   1   0   1   1   1   0   1   0   0

edit CercaCluster.m
R = rand(L)<p;
clear R
R.siti = rand(L)<p;
R.label = zeros(size(R.siti);
 R.label = zeros(size(R.siti);
                             ↑
{Invalid expression. When calling a function or indexing a variable, use parentheses. Otherwise, check for mismatched
delimiters.
} 
R.label = zeros(size(R.siti));


whos
  Name      Size            Bytes  Class     Attributes

  L         1x1                 8  double              
  R         1x1              5520  struct              
  ans       1x1                 8  double              
  p         1x1                 8  double              

R

R = 

  <a href="matlab:helpPopup struct" style="font-weight:bold">struct</a> with fields:

     siti: [24×24 logical]
    label: [24×24 double]

zeros81,59
{Unrecognized function or variable 'zeros81'.
} 
zeros(1,5)

ans =

     0     0     0     0     0

zeros(5)

ans =

     0     0     0     0     0
     0     0     0     0     0
     0     0     0     0     0
     0     0     0     0     0
     0     0     0     0     0

R.p = 0.6

