R = CercaCluster(18,0.5)

R = 

  <a href="matlab:helpPopup struct" style="font-weight:bold">struct</a> with fields:

           matrice: [18×18 double]
    percolazioneTB: 0
    percolazioneLR: 0
                 p: 0.5000
             label: [18×18 double]

R.matrice

ans =

     0     0     0     1     0     1     0     1     1     1     0     0     1     1     0     1     0     0
     0     0     1     1     1     1     0     1     1     1     1     0     1     1     1     0     0     0
     1     0     0     0     0     0     1     1     1     1     0     0     1     1     1     1     1     0
     0     1     1     1     1     0     1     0     1     1     1     1     1     1     0     0     1     1
     0     0     1     0     1     0     1     1     1     0     0     0     1     1     0     0     0     0
     1     0     1     1     1     1     0     0     1     0     1     0     0     0     1     0     1     0
     1     0     0     0     0     0     1     1     1     0     1     1     1     1     1     0     1     0
     0     0     0     1     1     1     0     1     1     1     0     0     1     1     0     1     1     0
     0     0     1     0     1     1     0     1     0     1     0     0     0     0     1     0     0     0
     0     1     1     0     0     1     0     1     0     1     1     0     0     1     0     1     0     1
     1     0     1     0     0     1     1     0     1     0     0     0     1     0     0     1     0     1
     0     1     0     0     0     0     1     0     1     1     0     0     1     0     0     0     1     0
     0     0     0     0     0     1     1     0     1     1     1     1     1     1     1     0     1     1
     1     1     0     1     1     0     0     1     0     1     1     1     1     0     1     1     0     1
     0     1     1     1     0     1     1     0     1     0     1     1     0     1     1     0     1     1
     1     1     0     1     0     0     0     0     1     0     1     1     1     1     0     0     1     1
     1     1     0     0     1     1     0     1     0     0     0     0     0     0     1     0     0     0
     0     0     1     1     0     0     0     0     1     1     0     1     0     0     0     0     1     0




R.label

ans =

     0     0     0     8     0     8     0    13    13    13     0     0    13    13     0    24     0     0
     0     0     8     8     8     8     0    13    13    13    13     0    13    13    13     0     0     0
     1     0     0     0     0     0    13    13    13    13     0     0    13    13    13    13    13     0
     0     5     5     5     5     0    13     0    13    13    13    13    13    13     0     0    13    13
     0     0     5     0     5     0    13    13    13     0     0     0    13    13     0     0     0     0
     2     0     5     5     5     5     0     0    13     0    19     0     0     0    19     0    25     0
     2     0     0     0     0     0    13    13    13     0    19    19    19    19    19     0    25     0
     0     0     0    10    10    10     0    13    13    13     0     0    19    19     0    25    25     0
     0     0     6     0    10    10     0    13     0    13     0     0     0     0    22     0     0     0
     0     6     6     0     0    10     0    13     0    13    13     0     0    21     0    26     0    29
     3     0     6     0     0    10    10     0    16     0     0     0    16     0     0    26     0    29
     0     7     0     0     0     0    10     0    16    16     0     0    16     0     0     0    27     0
     0     0     0     0     0    10    10     0    16    16    16    16    16    16    16     0    27    27
     4     4     0     4     4     0     0    14     0    16    16    16    16     0    16    16     0    27
     0     4     4     4     0    12    12     0    17     0    16    16     0    16    16     0    27    27
     4     4     0     4     0     0     0     0    17     0    16    16    16    16     0     0    27    27
     4     4     0     0    11    11     0    15     0     0     0     0     0     0    23     0     0     0
     0     0     9     9     0     0     0     0    18    18     0    20     0     0     0     0    28     0

R = CercaCluster(18,0.7)

R = 

  <a href="matlab:helpPopup struct" style="font-weight:bold">struct</a> with fields:

           matrice: [18×18 double]
    percolazioneTB: 1
    percolazioneLR: 1
                 p: 0.7000
             label: [18×18 double]

R.matrice

ans =

     1     1     1     1     1     0     1     0     1     1     1     1     1     1     0     1     1     0
     1     0     1     1     1     0     0     1     0     1     1     0     1     1     1     1     1     1
     1     1     0     1     1     1     1     1     1     1     0     1     1     0     0     1     0     0
     1     1     1     1     1     1     1     1     0     1     1     0     1     1     0     1     1     1
     1     1     1     1     1     1     1     1     1     1     1     0     1     0     1     1     1     1
     1     0     1     1     1     1     1     0     1     1     1     0     0     1     0     1     0     1
     1     1     1     0     1     0     1     1     1     0     1     1     1     0     1     0     1     0
     1     0     0     0     1     1     1     0     1     1     1     1     1     1     1     1     0     1
     1     1     1     0     1     1     1     1     1     1     1     1     1     0     1     0     0     0
     0     0     0     1     1     1     1     1     1     1     0     1     1     0     1     1     1     1
     1     1     1     1     1     1     1     1     1     0     1     1     0     1     0     1     1     1
     1     1     1     1     1     1     0     0     1     0     0     1     1     1     0     0     1     1
     1     1     1     0     1     1     1     1     1     1     1     0     1     0     0     0     1     1
     1     1     1     0     1     1     0     1     1     1     1     1     0     0     1     0     1     1
     1     1     1     0     1     1     1     1     1     1     1     1     1     1     1     1     1     1
     1     1     1     1     1     0     1     1     0     1     1     1     1     1     1     0     0     1
     0     0     1     1     1     1     1     1     1     0     1     0     1     1     1     1     0     1
     0     1     1     1     0     0     1     0     0     1     1     1     1     0     1     0     0     1

R.label

